  %YAML:1.0
  M1: !!opencv-matrix
    rows: 3
    cols: 3
    dt: d
    data: [ 1290.12023925781250000,    0.00000000000000000,  977.18762207031250000,
            0.00000000000000000, 1290.01318359375000000,  584.91705322265625000,
            0.00000000000000000,    0.00000000000000000,    1.00000000000000000 ]
  D1: !!opencv-matrix
    rows: 1
    cols: 8
    dt: d
    data: [    0.10008351504802704,   -0.57730042934417725,    0.00009657765622251,    0.00001857705501607,   -0.05973942205309868,    0.53027909994125366,   -0.64150267839431763,   -0.26019495725631714 ]
  M2: !!opencv-matrix
    rows: 3
    cols: 3
    dt: d
    data: [ 1289.20715332031250000,    0.00000000000000000,  958.79254150390625000,
            0.00000000000000000, 1289.17517089843750000,  575.45953369140625000,
            0.00000000000000000,    0.00000000000000000,    1.00000000000000000 ]
  D2: !!opencv-matrix
    rows: 1
    cols: 8
    dt: d
    data: [   -0.20340454578399658,   -0.46141356229782104,    0.00016991581651382,    0.00007222311978694,   -0.02990233711898327,    0.22455492615699768,   -0.64968860149383545,   -0.16059951484203339 ]
  M3: !!opencv-matrix
    rows: 3
    cols: 3
    dt: d
    data: [  838.76989746093750000,    0.00000000000000000,  973.28259277343750000,
             0.00000000000000000,  838.75823974609375000,  549.89788818359375000,
             0.00000000000000000,    0.00000000000000000,    1.00000000000000000 ]
  D3: !!opencv-matrix
    rows: 1
    cols: 8
    dt: d
    data: [   -0.29855674505233765,   -0.35072693228721619,    0.00008427399734501,   -0.00004405875006341,   -0.01279134768992662,    0.06639675050973892,   -0.54609221220016479,   -0.07999836653470993 ]